Apenas para exemplificar, já que o Dataset é gerado toda vez que o código é executado.

--------------------
Y
[[ 1. -1. -1. -1.  1.]
 [ 1. -1. -1. -1.  1.]
 [-1.  1.  1.  1. -1.]
 [-1. -1.  1. -1. -1.]
 [-1. -1.  1. -1. -1.]]
--------------------

--------------------
Y
[[ 1. -1. -1. -1.  1.]
 [ 1. -1. -1. -1.  1.]
 [-1.  1.  1. -1.  1.]
 [-1.  1.  1. -1. -1.]
 [-1. -1.  1.  1. -1.]]
--------------------

--------------------
Y Invertido
[[-1. -1.  1. -1. -1.]
 [-1.  1.  1. -1. -1.]
 [-1.  1.  1.  1. -1.]
 [ 1. -1. -1. -1.  1.]
 [ 1. -1. -1. -1.  1.]]
--------------------

--------------------
Y Invertido
[[-1. -1.  1. -1. -1.]
 [-1. -1. -1. -1. -1.]
 [-1.  1.  1. -1. -1.]
 [ 1. -1. -1. -1.  1.]
 [ 1. -1. -1. -1.  1.]]
--------------------

--------------------
Y
[[ 1. -1. -1. -1.  1.]
 [ 1. -1. -1. -1.  1.]
 [-1.  1.  1.  1. -1.]
 [ 1. -1.  1. -1. -1.]
 [ 1. -1.  1. -1. -1.]]
--------------------

--------------------
Y
[[ 1.  1. -1. -1.  1.]
 [ 1. -1. -1. -1.  1.]
 [-1.  1.  1.  1. -1.]
 [-1. -1.  1.  1.  1.]
 [-1.  1.  1. -1. -1.]]
--------------------

--------------------
Y
[[ 1. -1. -1. -1.  1.]
 [ 1. -1. -1. -1.  1.]
 [-1.  1.  1.  1. -1.]
 [ 1. -1.  1. -1. -1.]
 [-1. -1.  1. -1. -1.]]
--------------------

--------------------
Y Invertido
[[-1. -1.  1. -1.  1.]
 [-1. -1.  1. -1. -1.]
 [-1. -1.  1. -1. -1.]
 [ 1. -1. -1. -1.  1.]
 [ 1. -1. -1. -1.  1.]]
--------------------

--------------------
Y Invertido
[[-1. -1.  1. -1.  1.]
 [-1. -1.  1.  1. -1.]
 [-1.  1.  1.  1. -1.]
 [ 1.  1. -1. -1.  1.]
 [ 1. -1. -1. -1.  1.]]
--------------------

--------------------
Y Invertido
[[-1. -1.  1. -1. -1.]
 [-1. -1.  1. -1. -1.]
 [-1.  1.  1.  1. -1.]
 [ 1. -1.  1. -1.  1.]
 [-1. -1.  1. -1. -1.]]
--------------------

--------------------
Y Invertido
[[-1. -1.  1. -1. -1.]
 [-1. -1.  1. -1. -1.]
 [ 1.  1.  1.  1. -1.]
 [ 1. -1. -1. -1.  1.]
 [ 1. -1. -1. -1.  1.]]
--------------------

--------------------
Y Invertido
[[ 1. -1.  1. -1. -1.]
 [-1.  1.  1. -1. -1.]
 [-1.  1.  1.  1. -1.]
 [ 1. -1. -1. -1.  1.]
 [ 1. -1. -1.  1. -1.]]
--------------------

--------------------
Y Invertido
[[-1. -1.  1.  1. -1.]
 [-1. -1. -1. -1. -1.]
 [-1.  1.  1.  1. -1.]
 [-1. -1. -1. -1.  1.]
 [ 1.  1. -1. -1.  1.]]
--------------------

--------------------
Y Invertido
[[-1. -1.  1. -1. -1.]
 [-1. -1.  1. -1. -1.]
 [-1.  1.  1.  1. -1.]
 [ 1. -1. -1. -1.  1.]
 [ 1.  1. -1. -1.  1.]]
--------------------

--------------------
Y Invertido
[[-1.  1.  1. -1. -1.]
 [-1. -1.  1. -1. -1.]
 [-1.  1.  1.  1. -1.]
 [ 1. -1. -1. -1.  1.]
 [ 1. -1. -1. -1.  1.]]
--------------------

--------------------
Y
[[ 1. -1.  1. -1.  1.]
 [ 1. -1. -1.  1.  1.]
 [-1.  1.  1.  1. -1.]
 [-1. -1.  1. -1. -1.]
 [-1.  1.  1. -1. -1.]]
--------------------

--------------------
Y
[[ 1. -1. -1. -1.  1.]
 [ 1. -1. -1. -1.  1.]
 [-1.  1.  1.  1. -1.]
 [-1. -1.  1. -1. -1.]
 [-1. -1.  1.  1. -1.]]
--------------------

--------------------
Y
[[ 1. -1. -1. -1.  1.]
 [ 1. -1. -1. -1.  1.]
 [-1.  1.  1.  1. -1.]
 [-1. -1.  1. -1. -1.]
 [-1. -1.  1. -1. -1.]]
--------------------

--------------------
Y Invertido
[[ 1. -1.  1. -1. -1.]
 [ 1. -1.  1. -1. -1.]
 [-1.  1.  1. -1. -1.]
 [ 1. -1. -1. -1.  1.]
 [ 1. -1. -1. -1.  1.]]
--------------------

--------------------
Y
[[ 1. -1. -1. -1.  1.]
 [ 1. -1. -1. -1.  1.]
 [-1.  1.  1.  1. -1.]
 [-1. -1.  1. -1. -1.]
 [-1. -1.  1. -1. -1.]]
--------------------

--------------------
Y
[[ 1. -1. -1. -1.  1.]
 [ 1. -1. -1. -1.  1.]
 [-1.  1.  1.  1. -1.]
 [-1. -1.  1. -1. -1.]
 [-1. -1.  1. -1. -1.]]
--------------------

--------------------
Y Invertido
[[ 1. -1.  1. -1. -1.]
 [-1. -1.  1. -1. -1.]
 [ 1.  1.  1. -1.  1.]
 [ 1. -1. -1. -1.  1.]
 [ 1. -1. -1. -1.  1.]]
--------------------

--------------------
Y
[[ 1. -1. -1. -1. -1.]
 [ 1. -1. -1. -1.  1.]
 [-1.  1.  1.  1. -1.]
 [-1. -1.  1.  1. -1.]
 [-1. -1.  1. -1. -1.]]
--------------------

--------------------
Y Invertido
[[ 1. -1.  1. -1.  1.]
 [-1. -1.  1. -1. -1.]
 [-1.  1.  1.  1. -1.]
 [ 1. -1. -1. -1.  1.]
 [ 1. -1. -1.  1.  1.]]
--------------------

--------------------
Y
[[ 1. -1.  1. -1.  1.]
 [ 1. -1. -1. -1.  1.]
 [-1.  1.  1.  1. -1.]
 [ 1. -1.  1. -1. -1.]
 [-1.  1.  1. -1. -1.]]
--------------------

--------------------
Y Invertido
[[-1. -1.  1. -1. -1.]
 [-1. -1.  1. -1. -1.]
 [-1.  1.  1.  1. -1.]
 [-1. -1. -1.  1.  1.]
 [ 1. -1. -1. -1.  1.]]
--------------------

--------------------
Y
[[ 1.  1. -1. -1.  1.]
 [ 1. -1. -1. -1.  1.]
 [-1.  1.  1.  1. -1.]
 [ 1. -1.  1. -1. -1.]
 [ 1.  1. -1. -1. -1.]]
--------------------

--------------------
Y Invertido
[[-1. -1. -1. -1. -1.]
 [-1. -1.  1. -1. -1.]
 [-1.  1.  1.  1. -1.]
 [ 1. -1. -1. -1.  1.]
 [ 1. -1. -1. -1.  1.]]
--------------------

--------------------
Y Invertido
[[-1. -1.  1. -1. -1.]
 [ 1. -1.  1. -1. -1.]
 [-1.  1.  1.  1. -1.]
 [ 1. -1. -1. -1.  1.]
 [ 1. -1.  1. -1. -1.]]
--------------------

--------------------
Y
[[-1. -1.  1. -1.  1.]
 [ 1. -1. -1. -1.  1.]
 [-1.  1.  1.  1. -1.]
 [ 1. -1.  1. -1. -1.]
 [-1. -1. -1. -1. -1.]]
--------------------

--------------------
Y
[[ 1. -1. -1. -1.  1.]
 [ 1. -1. -1. -1.  1.]
 [-1.  1.  1.  1. -1.]
 [-1. -1.  1. -1. -1.]
 [-1. -1.  1.  1. -1.]]
--------------------

--------------------
Y Invertido
[[-1. -1.  1. -1. -1.]
 [-1. -1.  1. -1. -1.]
 [-1.  1.  1.  1. -1.]
 [ 1. -1. -1. -1.  1.]
 [ 1. -1. -1. -1.  1.]]
--------------------

--------------------
Y
[[ 1. -1.  1. -1.  1.]
 [ 1. -1. -1. -1.  1.]
 [-1.  1.  1.  1. -1.]
 [-1. -1.  1.  1. -1.]
 [-1. -1.  1. -1. -1.]]
--------------------

--------------------
Y Invertido
[[-1. -1.  1. -1. -1.]
 [ 1. -1.  1. -1. -1.]
 [-1. -1.  1.  1.  1.]
 [ 1. -1. -1.  1.  1.]
 [ 1. -1. -1. -1.  1.]]
--------------------

--------------------
Y
[[ 1. -1. -1. -1.  1.]
 [ 1. -1. -1. -1.  1.]
 [-1.  1.  1.  1. -1.]
 [-1. -1.  1. -1. -1.]
 [-1. -1.  1. -1. -1.]]
--------------------

--------------------
Y
[[-1. -1. -1. -1.  1.]
 [ 1. -1. -1. -1.  1.]
 [-1.  1.  1.  1. -1.]
 [-1. -1.  1. -1. -1.]
 [-1. -1.  1. -1. -1.]]
--------------------

--------------------
Y Invertido
[[-1. -1.  1. -1. -1.]
 [-1. -1.  1. -1. -1.]
 [-1.  1.  1.  1. -1.]
 [ 1. -1. -1. -1.  1.]
 [ 1. -1. -1. -1.  1.]]
--------------------

--------------------
Y
[[ 1. -1. -1. -1.  1.]
 [ 1. -1. -1. -1.  1.]
 [-1.  1.  1.  1. -1.]
 [-1. -1.  1. -1. -1.]
 [-1. -1.  1. -1. -1.]]
--------------------

--------------------
Y Invertido
[[ 1. -1. -1. -1. -1.]
 [-1. -1.  1. -1. -1.]
 [-1.  1. -1.  1. -1.]
 [ 1. -1. -1. -1.  1.]
 [ 1.  1. -1. -1.  1.]]
--------------------

--------------------
Y Invertido
[[-1. -1. -1.  1. -1.]
 [-1. -1. -1. -1. -1.]
 [-1.  1.  1. -1. -1.]
 [ 1. -1.  1. -1.  1.]
 [ 1. -1. -1. -1.  1.]]
--------------------

--------------------
Y Invertido
[[-1. -1.  1. -1. -1.]
 [-1. -1.  1. -1. -1.]
 [-1.  1.  1.  1. -1.]
 [ 1. -1. -1. -1.  1.]
 [ 1. -1. -1. -1.  1.]]
--------------------

--------------------
Y Invertido
[[-1. -1.  1. -1. -1.]
 [-1. -1.  1. -1. -1.]
 [-1. -1.  1.  1. -1.]
 [ 1. -1. -1.  1.  1.]
 [ 1. -1. -1. -1. -1.]]
--------------------

--------------------
Y Invertido
[[ 1.  1.  1. -1. -1.]
 [-1. -1.  1. -1.  1.]
 [-1.  1.  1.  1. -1.]
 [ 1.  1. -1. -1.  1.]
 [ 1. -1. -1. -1.  1.]]
--------------------

--------------------
Y
[[-1. -1. -1. -1.  1.]
 [ 1. -1. -1. -1.  1.]
 [ 1.  1.  1.  1. -1.]
 [-1. -1.  1. -1. -1.]
 [-1. -1.  1. -1. -1.]]
--------------------

--------------------
Y
[[ 1. -1. -1. -1.  1.]
 [ 1. -1. -1. -1.  1.]
 [ 1.  1.  1.  1.  1.]
 [-1. -1. -1. -1. -1.]
 [-1. -1.  1. -1. -1.]]
--------------------

--------------------
Y
[[ 1. -1. -1. -1.  1.]
 [ 1. -1. -1. -1.  1.]
 [-1. -1.  1.  1. -1.]
 [ 1. -1.  1. -1. -1.]
 [-1. -1.  1. -1. -1.]]
--------------------

--------------------
Y
[[ 1. -1. -1. -1.  1.]
 [ 1. -1. -1. -1.  1.]
 [-1. -1.  1. -1. -1.]
 [ 1. -1.  1.  1. -1.]
 [-1. -1.  1.  1. -1.]]
--------------------

--------------------
Y
[[ 1. -1. -1. -1.  1.]
 [ 1. -1. -1. -1.  1.]
 [-1.  1.  1.  1. -1.]
 [-1. -1.  1. -1. -1.]
 [-1. -1.  1. -1. -1.]]
--------------------

--------------------
Y
[[-1. -1. -1.  1.  1.]
 [ 1. -1. -1. -1.  1.]
 [-1. -1.  1.  1. -1.]
 [-1. -1.  1. -1. -1.]
 [-1. -1.  1. -1. -1.]]
--------------------

--------------------
Y
[[ 1. -1. -1. -1. -1.]
 [ 1. -1. -1. -1.  1.]
 [-1.  1.  1.  1. -1.]
 [-1. -1.  1. -1. -1.]
 [-1. -1. -1. -1. -1.]]
--------------------

--------------------
Y
[[ 1. -1. -1. -1.  1.]
 [-1. -1. -1. -1.  1.]
 [-1.  1.  1.  1. -1.]
 [ 1. -1.  1. -1. -1.]
 [-1. -1.  1. -1. -1.]]
--------------------

--------------------
Y Invertido
[[-1. -1.  1.  1. -1.]
 [ 1. -1.  1. -1. -1.]
 [-1.  1.  1.  1. -1.]
 [ 1. -1. -1. -1. -1.]
 [ 1. -1. -1. -1.  1.]]
--------------------

--------------------
Y Invertido
[[-1. -1.  1. -1. -1.]
 [-1. -1.  1. -1. -1.]
 [ 1.  1.  1.  1. -1.]
 [ 1. -1. -1. -1.  1.]
 [ 1. -1. -1. -1.  1.]]
--------------------

--------------------
Y
[[ 1. -1. -1. -1.  1.]
 [ 1. -1. -1. -1. -1.]
 [ 1.  1.  1.  1. -1.]
 [-1. -1.  1. -1. -1.]
 [-1. -1.  1. -1. -1.]]
--------------------

--------------------
Y Invertido
[[-1. -1.  1. -1. -1.]
 [-1. -1.  1. -1. -1.]
 [ 1.  1.  1.  1. -1.]
 [ 1. -1. -1. -1. -1.]
 [ 1. -1.  1. -1.  1.]]
--------------------

--------------------
Y
[[ 1. -1. -1. -1.  1.]
 [ 1. -1. -1. -1.  1.]
 [-1.  1.  1.  1. -1.]
 [-1. -1.  1. -1. -1.]
 [-1. -1.  1. -1. -1.]]
--------------------

--------------------
Y Invertido
[[-1. -1.  1.  1. -1.]
 [-1. -1.  1.  1. -1.]
 [-1.  1.  1.  1. -1.]
 [ 1. -1. -1. -1.  1.]
 [ 1. -1. -1. -1. -1.]]
--------------------

--------------------
Y
[[ 1. -1.  1. -1. -1.]
 [ 1. -1. -1. -1.  1.]
 [ 1. -1.  1.  1. -1.]
 [ 1. -1.  1. -1. -1.]
 [-1. -1.  1. -1. -1.]]
--------------------

--------------------
Y Invertido
[[-1. -1. -1. -1. -1.]
 [-1.  1. -1. -1. -1.]
 [-1.  1.  1.  1.  1.]
 [ 1. -1.  1. -1.  1.]
 [ 1. -1. -1. -1.  1.]]
--------------------

--------------------
Y
[[-1. -1. -1. -1.  1.]
 [ 1. -1. -1.  1.  1.]
 [-1.  1.  1.  1. -1.]
 [-1. -1.  1. -1. -1.]
 [ 1. -1.  1. -1. -1.]]
--------------------

--------------------
Y
[[ 1. -1. -1. -1.  1.]
 [ 1. -1. -1.  1. -1.]
 [-1.  1.  1.  1. -1.]
 [-1. -1. -1. -1. -1.]
 [-1. -1.  1. -1. -1.]]
--------------------

--------------------
Y Invertido
[[-1. -1. -1. -1. -1.]
 [-1. -1.  1. -1. -1.]
 [-1.  1.  1.  1. -1.]
 [ 1.  1. -1. -1.  1.]
 [ 1. -1. -1.  1.  1.]]
--------------------

--------------------
Y
[[ 1. -1.  1.  1.  1.]
 [ 1. -1. -1. -1.  1.]
 [-1.  1.  1. -1. -1.]
 [-1. -1.  1.  1. -1.]
 [-1.  1.  1. -1. -1.]]
--------------------

--------------------
Y Invertido
[[-1. -1.  1. -1. -1.]
 [-1. -1.  1. -1. -1.]
 [-1.  1.  1.  1. -1.]
 [ 1. -1. -1. -1.  1.]
 [ 1. -1. -1. -1.  1.]]
--------------------

